mp499-500 tangent analysis
b =0.10
   13825745.10
bint = 0.10          0.10
   13825732.09   13825758.11
r =      -0.08
         -0.10
         -0.08
         -0.09
         -0.11
         -0.10
         -0.07
         -0.07
         -0.06
         -0.04
         -0.03
         -0.03
         -0.01
         -0.01
         -0.03
         -0.00
          0.00
          0.02
          0.02
          0.02
          0.02
          0.05
          0.05
          0.07
          0.07
          0.08
          0.05
          0.05
          0.05
          0.05
          0.04
          0.05
          0.04
          0.06
          0.11
         -0.00
         -0.07
         -0.12
         -0.20
          0.10
          0.07
          0.05
         -0.07
          0.03
          0.06
          0.02
         -0.03
          0.00
          0.04
          0.03
          0.05
          0.07
          0.06
          0.05
          0.02
          0.02
          0.02
          0.05
          0.02
          0.04
          0.05
          0.05
          0.07
          0.08
          0.05
          0.03
          0.03
          0.03
          0.01
          0.02
          0.03
          0.01
          0.00
          0.01
          0.01
          0.01
          0.01
         -0.00
          0.01
         -0.03
         -0.03
         -0.03
          0.00
         -0.04
         -0.06
         -0.05
         -0.05
         -0.02
         -0.03
         -0.03
         -0.03
         -0.02
         -0.03
         -0.01
         -0.00
          0.00
         -0.00
          0.00
         -0.02
         -0.01
         -0.02
         -0.01
          0.00
          0.01
         -0.02
         -0.01
          0.00
         -0.00
         -0.02
         -0.02
         -0.02
         -0.01
          0.01
          0.03
          0.00
          0.02
          0.02
          0.02
          0.02
         -0.00
          0.02
         -0.01
          0.03
          0.03
          0.03
          0.03
          0.02
          0.01
          0.03
          0.02
          0.02
          0.03
         -0.00
          0.02
          0.00
         -0.00
          0.01
         -0.00
          0.02
          0.01
         -0.00
          0.00
         -0.02
         -0.00
         -0.02
         -0.03
         -0.03
         -0.01
         -0.01
         -0.03
         -0.05
         -0.06
         -0.05
         -0.05
         -0.03
         -0.04
         -0.03
         -0.04
         -0.05
         -0.05
         -0.02
         -0.03
         -0.03
         -0.03
         -0.03
         -0.04
         -0.04
          0.01
          0.01
          0.01
          0.05
          0.04
          0.04
          0.04
          0.06
          0.02
          0.04
          0.02
          0.04
          0.04
          0.04
          0.03
          0.05
          0.05
          0.07
          0.09
          0.07
          0.09
          0.06
          0.10
          0.11
          0.09
          0.11
          0.07
          0.09
          0.09
          0.08
          0.10
          0.11
          0.11
          0.11
          0.11
          0.12
          0.14
          0.11
          0.15
          0.13
          0.11
          0.10
          0.09
          0.10
          0.09
          0.10
          0.07
          0.08
          0.10
          0.11
          0.12
          0.10
          0.11
          0.11
          0.12
          0.12
          0.11
          0.11
          0.11
          0.11
          0.10
          0.11
          0.12
          0.11
          0.10
          0.12
          0.10
          0.11
          0.09
          0.12
          0.11
          0.12
          0.12
          0.11
          0.12
          0.12
          0.13
          0.13
          0.13
          0.14
          0.13
          0.13
          0.14
          0.13
          0.13
          0.12
          0.11
          0.13
          0.11
          0.09
          0.10
          0.12
          0.13
          0.14
          0.11
          0.14
          0.12
          0.11
          0.12
          0.12
          0.10
          0.13
          0.12
          0.11
          0.12
          0.12
          0.12
          0.12
          0.15
          0.12
          0.16
          0.14
          0.15
          0.14
          0.18
          0.15
          0.15
          0.17
          0.14
          0.13
          0.16
          0.14
          0.13
          0.17
          0.12
          0.11
          0.11
          0.09
          0.11
          0.13
          0.10
          0.12
          0.15
          0.13
          0.13
          0.15
          0.12
          0.10
          0.11
          0.09
          0.09
          0.10
          0.09
          0.11
          0.11
          0.11
          0.12
          0.10
          0.12
          0.14
          0.10
          0.12
          0.12
          0.14
          0.14
          0.13
          0.12
          0.13
          0.11
          0.13
          0.12
          0.10
          0.08
          0.08
          0.09
          0.09
          0.06
          0.09
          0.08
          0.06
          0.08
          0.06
          0.07
          0.08
          0.07
          0.08
          0.08
          0.10
          0.11
          0.12
          0.10
          0.09
          0.07
          0.09
          0.08
          0.07
          0.08
          0.08
          0.08
          0.08
          0.08
          0.09
          0.08
          0.07
          0.07
          0.07
          0.07
          0.08
          0.05
          0.04
          0.03
          0.05
          0.03
          0.00
         -0.00
         -0.00
          0.01
          0.01
         -0.00
         -0.02
         -0.04
         -0.03
         -0.02
         -0.02
         -0.01
         -0.01
         -0.03
         -0.04
         -0.05
         -0.04
         -0.06
         -0.06
         -0.06
         -0.06
         -0.05
         -0.06
         -0.08
         -0.10
         -0.12
         -0.13
         -0.13
         -0.13
         -0.13
         -0.15
         -0.13
         -0.13
         -0.12
         -0.13
         -0.13
         -0.13
         -0.13
         -0.13
         -0.16
         -0.17
         -0.19
         -0.21
         -0.20
         -0.20
         -0.20
         -0.19
         -0.21
         -0.18
         -0.17
         -0.19
         -0.20
         -0.19
         -0.16
         -0.19
         -0.19
         -0.20
         -0.18
         -0.17
         -0.19
         -0.17
         -0.13
         -0.16
         -0.19
         -0.17
         -0.17
         -0.17
         -0.18
         -0.18
         -0.19
         -0.20
         -0.20
         -0.20
         -0.18
         -0.19
         -0.18
         -0.18
         -0.19
         -0.17
         -0.16
         -0.16
         -0.15
         -0.15
         -0.15
         -0.15
         -0.16
         -0.16
         -0.15
         -0.17
         -0.16
         -0.16
         -0.14
         -0.13
         -0.13
         -0.14
         -0.15
         -0.15
         -0.13
         -0.14
         -0.13
         -0.13
         -0.14
         -0.15
         -0.14
         -0.15
         -0.14
         -0.14
         -0.14
         -0.15
         -0.18
         -0.17
         -0.18
         -0.18
         -0.16
         -0.15
         -0.17
         -0.14
         -0.13
         -0.17
         -0.16
         -0.16
         -0.17
         -0.18
         -0.18
         -0.18
         -0.19
         -0.19
         -0.18
         -0.18
         -0.18
         -0.18
         -0.19
         -0.20
         -0.19
         -0.18
         -0.19
         -0.19
         -0.20
         -0.20
         -0.22
         -0.22
         -0.23
         -0.23
         -0.24
         -0.25
         -0.25
         -0.10
         -0.29
         -0.28
         -0.28
         -0.27
         -0.26
         -0.26
         -0.25
         -0.24
         -0.25
         -0.27
         -0.26
         -0.25
         -0.25
         -0.25
         -0.24
         -0.25
         -0.25
         -0.23
         -0.23
         -0.21
         -0.21
         -0.20
         -0.21
         -0.19
         -0.20
         -0.22
         -0.21
         -0.20
         -0.18
         -0.17
         -0.18
         -0.17
         -0.17
         -0.19
         -0.18
         -0.18
         -0.15
         -0.14
         -0.15
         -0.15
         -0.16
         -0.17
         -0.13
         -0.14
         -0.14
         -0.11
         -0.13
         -0.13
         -0.12
         -0.12
         -0.11
         -0.10
         -0.11
         -0.11
         -0.13
         -0.14
         -0.13
         -0.12
         -0.11
         -0.11
         -0.11
         -0.13
         -0.13
         -0.11
         -0.10
         -0.11
         -0.11
         -0.09
         -0.10
         -0.09
         -0.08
         -0.08
         -0.10
         -0.10
         -0.10
         -0.09
         -0.08
         -0.06
         -0.06
         -0.06
         -0.07
         -0.08
         -0.07
         -0.08
         -0.08
         -0.08
         -0.09
         -0.08
         -0.06
         -0.08
         -0.09
         -0.08
         -0.09
         -0.09
         -0.08
         -0.08
         -0.09
         -0.09
         -0.10
         -0.09
         -0.08
         -0.07
         -0.06
         -0.06
         -0.05
         -0.07
         -0.05
         -0.03
         -0.04
         -0.04
         -0.04
         -0.02
         -0.03
         -0.03
         -0.04
         -0.03
         -0.01
         -0.03
         -0.02
         -0.03
         -0.01
         -0.00
         -0.02
         -0.02
         -0.02
         -0.02
         -0.03
         -0.02
         -0.02
          0.00
         -0.00
         -0.00
         -0.03
         -0.04
         -0.05
         -0.02
         -0.03
         -0.04
         -0.05
         -0.04
         -0.06
         -0.07
         -0.07
         -0.08
         -0.07
         -0.06
         -0.06
         -0.04
         -0.01
         -0.02
         -0.03
         -0.03
         -0.01
          0.00
         -0.00
         -0.02
         -0.03
         -0.04
         -0.04
         -0.03
         -0.02
         -0.01
         -0.02
         -0.02
         -0.03
         -0.04
         -0.03
         -0.02
         -0.01
          0.00
          0.03
          0.03
          0.02
          0.04
          0.06
          0.06
          0.06
          0.04
          0.05
          0.05
          0.05
          0.05
          0.08
          0.08
          0.07
          0.08
          0.06
          0.06
          0.07
          0.09
          0.09
          0.10
          0.09
          0.10
          0.10
          0.10
          0.11
          0.10
          0.10
          0.08
          0.08
          0.08
          0.08
          0.09
          0.09
          0.07
          0.09
          0.10
          0.10
          0.10
          0.12
          0.10
          0.11
          0.12
          0.12
          0.12
          0.11
          0.11
          0.10
          0.09
          0.10
          0.10
          0.10
          0.08
          0.09
          0.09
          0.09
          0.08
          0.10
          0.12
          0.11
          0.10
          0.10
          0.11
          0.12
          0.11
          0.11
          0.13
          0.12
          0.10
          0.08
          0.06
          0.06
          0.07
          0.06
          0.07
          0.07
          0.07
          0.06
          0.06
          0.06
          0.06
          0.07
          0.09
          0.08
          0.07
          0.07
          0.06
          0.04
          0.06
          0.04
          0.04
          0.04
          0.03
          0.03
          0.04
          0.04
          0.05
          0.05
          0.06
          0.05
          0.04
          0.04
          0.04
          0.03
          0.03
          0.01
          0.02
          0.06
          0.03
          0.06
          0.06
          0.07
          0.05
          0.05
          0.05
          0.04
          0.04
          0.03
          0.06
          0.07
          0.06
          0.06
          0.07
          0.06
          0.07
          0.11
          0.10
          0.11
          0.11
          0.12
          0.11
          0.12
          0.13
          0.14
          0.12
          0.13
          0.12
          0.12
          0.13
          0.12
          0.12
          0.09
          0.09
          0.11
          0.11
          0.12
          0.12
          0.11
          0.11
          0.14
          0.13
          0.11
          0.12
          0.12
          0.12
          0.13
          0.11
          0.12
          0.12
          0.12
          0.15
          0.11
          0.11
          0.10
          0.11
          0.11
          0.10
          0.11
          0.10
          0.12
          0.12
          0.12
          0.10
          0.10
          0.09
          0.09
          0.11
          0.13
          0.10
          0.10
          0.09
          0.10
          0.06
          0.10
          0.11
          0.12
          0.12
          0.09
          0.13
          0.10
          0.09
          0.10
          0.09
          0.11
          0.12
          0.09
          0.12
          0.10
          0.08
          0.10
          0.11
          0.12
          0.12
          0.12
          0.12
rint =

         -0.57          0.41
         -0.58          0.39
         -0.57          0.41
         -0.57          0.40
         -0.59          0.38
         -0.58          0.39
         -0.56          0.41
         -0.55          0.42
         -0.54          0.43
         -0.53          0.45
         -0.51          0.46
         -0.52          0.46
         -0.49          0.48
         -0.49          0.48
         -0.51          0.46
         -0.49          0.48
         -0.48          0.49
         -0.47          0.50
         -0.47          0.51
         -0.47          0.50
         -0.46          0.51
         -0.44          0.53
         -0.44          0.54
         -0.42          0.56
         -0.41          0.56
         -0.41          0.57
         -0.43          0.54
         -0.44          0.54
         -0.44          0.53
         -0.43          0.54
         -0.45          0.53
         -0.44          0.54
         -0.45          0.52
         -0.42          0.55
         -0.38          0.60
         -0.49          0.49
         -0.56          0.41
         -0.60          0.37
         -0.68          0.29
         -0.38          0.59
         -0.42          0.55
         -0.44          0.54
         -0.55          0.42
         -0.46          0.52
         -0.42          0.55
         -0.47          0.51
         -0.52          0.46
         -0.48          0.49
         -0.45          0.52
         -0.46          0.52
         -0.44          0.54
         -0.41          0.56
         -0.43          0.55
         -0.44          0.54
         -0.47          0.50
         -0.46          0.51
         -0.46          0.51
         -0.44          0.54
         -0.47          0.51
         -0.45          0.53
         -0.43          0.54
         -0.44          0.53
         -0.42          0.55
         -0.41          0.56
         -0.43          0.54
         -0.46          0.52
         -0.46          0.51
         -0.46          0.51
         -0.47          0.50
         -0.47          0.51
         -0.45          0.52
         -0.47          0.50
         -0.48          0.49
         -0.48          0.50
         -0.48          0.50
         -0.47          0.50
         -0.48          0.50
         -0.49          0.49
         -0.48          0.49
         -0.52          0.45
         -0.52          0.46
         -0.52          0.46
         -0.49          0.49
         -0.53          0.45
         -0.55          0.43
         -0.53          0.44
         -0.53          0.44
         -0.51          0.46
         -0.52          0.45
         -0.52          0.46
         -0.51          0.46
         -0.51          0.46
         -0.51          0.46
         -0.49          0.48
         -0.49          0.49
         -0.48          0.49
         -0.49          0.49
         -0.49          0.49
         -0.51          0.47
         -0.50          0.48
         -0.50          0.47
         -0.50          0.48
         -0.48          0.49
         -0.47          0.50
         -0.51          0.47
         -0.49          0.48
         -0.48          0.49
         -0.49          0.49
         -0.51          0.46
         -0.50          0.47
         -0.51          0.46
         -0.50          0.48
         -0.48          0.49
         -0.46          0.51
         -0.48          0.49
         -0.47          0.51
         -0.47          0.51
         -0.47          0.51
         -0.47          0.50
         -0.49          0.49
         -0.47          0.50
         -0.49          0.48
         -0.46          0.51
         -0.45          0.52
         -0.46          0.52
         -0.46          0.52
         -0.47          0.50
         -0.47          0.50
         -0.46          0.52
         -0.47          0.51
         -0.46          0.51
         -0.45          0.52
         -0.49          0.49
         -0.47          0.51
         -0.49          0.49
         -0.49          0.49
         -0.47          0.50
         -0.49          0.48
         -0.47          0.51
         -0.48          0.50
         -0.49          0.49
         -0.49          0.49
         -0.51          0.47
         -0.49          0.49
         -0.51          0.47
         -0.51          0.46
         -0.52          0.46
         -0.50          0.47
         -0.50          0.48
         -0.52          0.45
         -0.54          0.44
         -0.54          0.43
         -0.53          0.44
         -0.54          0.43
         -0.52          0.45
         -0.53          0.44
         -0.52          0.46
         -0.53          0.45
         -0.54          0.44
         -0.53          0.44
         -0.51          0.46
         -0.52          0.46
         -0.52          0.46
         -0.52          0.45
         -0.51          0.46
         -0.53          0.45
         -0.52          0.45
         -0.48          0.49
         -0.48          0.50
         -0.48          0.50
         -0.44          0.53
         -0.45          0.53
         -0.45          0.52
         -0.45          0.53
         -0.43          0.55
         -0.47          0.51
         -0.45          0.52
         -0.47          0.51
         -0.44          0.53
         -0.45          0.53
         -0.45          0.52
         -0.46          0.52
         -0.44          0.54
         -0.44          0.54
         -0.42          0.56
         -0.40          0.57
         -0.41          0.56
         -0.39          0.58
         -0.42          0.55
         -0.39          0.59
         -0.38          0.59
         -0.39          0.58
         -0.38          0.59
         -0.42          0.55
         -0.39          0.58
         -0.40          0.58
         -0.40          0.57
         -0.38          0.59
         -0.38          0.60
         -0.38          0.60
         -0.38          0.59
         -0.38          0.60
         -0.37          0.61
         -0.35          0.63
         -0.38          0.59
         -0.34          0.64
         -0.35          0.62
         -0.38          0.60
         -0.39          0.59
         -0.39          0.58
         -0.39          0.58
         -0.39          0.58
         -0.39          0.59
         -0.42          0.55
         -0.41          0.57
         -0.38          0.59
         -0.38          0.59
         -0.37          0.61
         -0.38          0.59
         -0.38          0.60
         -0.38          0.60
         -0.36          0.61
         -0.37          0.61
         -0.38          0.60
         -0.38          0.60
         -0.38          0.59
         -0.37          0.60
         -0.39          0.59
         -0.38          0.59
         -0.37          0.60
         -0.38          0.59
         -0.38          0.59
         -0.37          0.61
         -0.39          0.58
         -0.38          0.59
         -0.40          0.58
         -0.37          0.60
         -0.38          0.60
         -0.37          0.61
         -0.37          0.60
         -0.38          0.60
         -0.37          0.61
         -0.37          0.60
         -0.36          0.62
         -0.36          0.61
         -0.36          0.62
         -0.35          0.62
         -0.36          0.62
         -0.36          0.61
         -0.35          0.63
         -0.35          0.62
         -0.35          0.62
         -0.37          0.61
         -0.37          0.60
         -0.36          0.62
         -0.38          0.59
         -0.39          0.58
         -0.39          0.59
         -0.37          0.60
         -0.35          0.62
         -0.35          0.63
         -0.38          0.59
         -0.35          0.62
         -0.37          0.61
         -0.38          0.60
         -0.37          0.61
         -0.37          0.61
         -0.39          0.59
         -0.36          0.61
         -0.37          0.60
         -0.38          0.60
         -0.36          0.61
         -0.37          0.61
         -0.36          0.61
         -0.36          0.61
         -0.34          0.63
         -0.36          0.61
         -0.33          0.65
         -0.35          0.62
         -0.33          0.64
         -0.35          0.63
         -0.31          0.66
         -0.34          0.64
         -0.34          0.64
         -0.31          0.66
         -0.34          0.63
         -0.36          0.62
         -0.33          0.64
         -0.34          0.63
         -0.36          0.62
         -0.32          0.65
         -0.36          0.61
         -0.38          0.60
         -0.38          0.60
         -0.40          0.58
         -0.37          0.60
         -0.36          0.61
         -0.38          0.59
         -0.37          0.61
         -0.34          0.64
         -0.35          0.62
         -0.36          0.61
         -0.34          0.63
         -0.37          0.61
         -0.38          0.59
         -0.38          0.60
         -0.40          0.58
         -0.40          0.58
         -0.39          0.59
         -0.39          0.58
         -0.38          0.59
         -0.38          0.59
         -0.38          0.59
         -0.36          0.61
         -0.39          0.59
         -0.37          0.61
         -0.35          0.62
         -0.39          0.59
         -0.36          0.61
         -0.36          0.61
         -0.34          0.63
         -0.35          0.63
         -0.35          0.62
         -0.37          0.60
         -0.36          0.61
         -0.38          0.60
         -0.36          0.62
         -0.37          0.61
         -0.39          0.59
         -0.41          0.57
         -0.40          0.57
         -0.40          0.58
         -0.39          0.58
         -0.42          0.55
         -0.40          0.57
         -0.41          0.57
         -0.42          0.55
         -0.41          0.57
         -0.42          0.55
         -0.42          0.56
         -0.40          0.57
         -0.42          0.56
         -0.41          0.57
         -0.40          0.57
         -0.38          0.59
         -0.37          0.60
         -0.36          0.61
         -0.38          0.59
         -0.40          0.57
         -0.42          0.56
         -0.40          0.58
         -0.41          0.56
         -0.42          0.55
         -0.41          0.57
         -0.41          0.57
         -0.40          0.57
         -0.41          0.57
         -0.41          0.57
         -0.40          0.58
         -0.41          0.56
         -0.42          0.56
         -0.42          0.56
         -0.42          0.56
         -0.42          0.55
         -0.41          0.56
         -0.44          0.54
         -0.44          0.53
         -0.45          0.52
         -0.44          0.54
         -0.46          0.52
         -0.49          0.49
         -0.49          0.48
         -0.49          0.48
         -0.47          0.50
         -0.48          0.50
         -0.49          0.49
         -0.51          0.47
         -0.53          0.45
         -0.52          0.45
         -0.51          0.47
         -0.51          0.47
         -0.50          0.47
         -0.50          0.48
         -0.52          0.46
         -0.53          0.45
         -0.53          0.44
         -0.53          0.45
         -0.55          0.43
         -0.55          0.43
         -0.55          0.42
         -0.55          0.42
         -0.54          0.43
         -0.55          0.43
         -0.57          0.40
         -0.59          0.38
         -0.61          0.36
         -0.62          0.36
         -0.62          0.36
         -0.62          0.35
         -0.62          0.36
         -0.63          0.34
         -0.62          0.36
         -0.61          0.36
         -0.60          0.37
         -0.62          0.36
         -0.62          0.36
         -0.62          0.35
         -0.62          0.36
         -0.62          0.36
         -0.65          0.32
         -0.65          0.32
         -0.68          0.30
         -0.70          0.27
         -0.68          0.29
         -0.68          0.29
         -0.68          0.29
         -0.67          0.30
         -0.69          0.28
         -0.67          0.31
         -0.66          0.32
         -0.68          0.29
         -0.69          0.29
         -0.68          0.30
         -0.65          0.32
         -0.68          0.29
         -0.67          0.30
         -0.69          0.29
         -0.67          0.31
         -0.66          0.32
         -0.68          0.29
         -0.66          0.32
         -0.62          0.36
         -0.65          0.33
         -0.67          0.30
         -0.66          0.31
         -0.65          0.32
         -0.66          0.32
         -0.67          0.31
         -0.67          0.30
         -0.67          0.30
         -0.69          0.28
         -0.69          0.29
         -0.69          0.29
         -0.67          0.31
         -0.68          0.29
         -0.67          0.31
         -0.67          0.30
         -0.68          0.29
         -0.66          0.31
         -0.65          0.32
         -0.64          0.33
         -0.64          0.34
         -0.64          0.34
         -0.64          0.33
         -0.64          0.33
         -0.64          0.33
         -0.65          0.33
         -0.64          0.34
         -0.65          0.32
         -0.65          0.33
         -0.65          0.32
         -0.63          0.35
         -0.62          0.36
         -0.62          0.36
         -0.63          0.34
         -0.63          0.34
         -0.63          0.34
         -0.62          0.35
         -0.62          0.35
         -0.62          0.35
         -0.62          0.36
         -0.63          0.35
         -0.64          0.34
         -0.63          0.34
         -0.64          0.33
         -0.63          0.35
         -0.63          0.35
         -0.62          0.35
         -0.64          0.34
         -0.67          0.31
         -0.66          0.32
         -0.67          0.31
         -0.67          0.31
         -0.65          0.32
         -0.63          0.34
         -0.66          0.32
         -0.62          0.35
         -0.62          0.35
         -0.65          0.32
         -0.65          0.33
         -0.65          0.33
         -0.66          0.32
         -0.67          0.31
         -0.66          0.31
         -0.67          0.31
         -0.68          0.30
         -0.68          0.30
         -0.67          0.31
         -0.66          0.31
         -0.67          0.30
         -0.67          0.30
         -0.68          0.29
         -0.69          0.29
         -0.68          0.30
         -0.67          0.30
         -0.68          0.30
         -0.68          0.29
         -0.69          0.28
         -0.69          0.29
         -0.70          0.27
         -0.71          0.26
         -0.72          0.26
         -0.72          0.25
         -0.72          0.25
         -0.74          0.24
         -0.74          0.24
         -0.58          0.39
         -0.77          0.20
         -0.77          0.21
         -0.77          0.21
         -0.75          0.22
         -0.75          0.22
         -0.75          0.22
         -0.73          0.24
         -0.73          0.24
         -0.74          0.23
         -0.75          0.22
         -0.75          0.22
         -0.74          0.23
         -0.74          0.24
         -0.74          0.24
         -0.73          0.24
         -0.73          0.24
         -0.73          0.24
         -0.71          0.26
         -0.72          0.25
         -0.70          0.27
         -0.70          0.27
         -0.69          0.28
         -0.69          0.28
         -0.67          0.30
         -0.69          0.28
         -0.71          0.27
         -0.70          0.28
         -0.69          0.28
         -0.67          0.30
         -0.66          0.31
         -0.67          0.31
         -0.66          0.32
         -0.66          0.32
         -0.68          0.30
         -0.67          0.31
         -0.66          0.31
         -0.64          0.33
         -0.62          0.35
         -0.63          0.34
         -0.64          0.34
         -0.64          0.33
         -0.66          0.32
         -0.62          0.35
         -0.63          0.35
         -0.63          0.34
         -0.60          0.37
         -0.62          0.36
         -0.62          0.36
         -0.61          0.37
         -0.61          0.37
         -0.60          0.38
         -0.59          0.39
         -0.59          0.38
         -0.59          0.38
         -0.61          0.36
         -0.62          0.35
         -0.62          0.36
         -0.61          0.37
         -0.60          0.38
         -0.60          0.38
         -0.60          0.37
         -0.62          0.36
         -0.61          0.36
         -0.60          0.37
         -0.59          0.39
         -0.60          0.38
         -0.60          0.38
         -0.58          0.39
         -0.59          0.39
         -0.58          0.40
         -0.57          0.41
         -0.57          0.40
         -0.59          0.39
         -0.58          0.39
         -0.59          0.39
         -0.58          0.40
         -0.56          0.41
         -0.55          0.43
         -0.55          0.43
         -0.54          0.43
         -0.55          0.42
         -0.57          0.41
         -0.56          0.42
         -0.57          0.41
         -0.56          0.41
         -0.57          0.40
         -0.58          0.39
         -0.57          0.41
         -0.55          0.42
         -0.57          0.41
         -0.57          0.40
         -0.57          0.41
         -0.57          0.40
         -0.58          0.40
         -0.57          0.41
         -0.56          0.41
         -0.57          0.40
         -0.58          0.40
         -0.59          0.38
         -0.58          0.40
         -0.57          0.40
         -0.56          0.42
         -0.55          0.43
         -0.55          0.43
         -0.53          0.44
         -0.56          0.42
         -0.54          0.43
         -0.52          0.46
         -0.53          0.45
         -0.53          0.44
         -0.53          0.45
         -0.51          0.46
         -0.52          0.45
         -0.52          0.46
         -0.52          0.45
         -0.52          0.45
         -0.50          0.47
         -0.52          0.46
         -0.50          0.47
         -0.52          0.46
         -0.50          0.48
         -0.49          0.48
         -0.50          0.47
         -0.51          0.47
         -0.50          0.47
         -0.50          0.47
         -0.52          0.46
         -0.50          0.47
         -0.51          0.47
         -0.48          0.49
         -0.49          0.49
         -0.49          0.48
         -0.52          0.46
         -0.53          0.45
         -0.54          0.44
         -0.51          0.47
         -0.52          0.46
         -0.53          0.45
         -0.54          0.44
         -0.52          0.45
         -0.55          0.42
         -0.56          0.41
         -0.55          0.42
         -0.57          0.40
         -0.56          0.41
         -0.55          0.42
         -0.55          0.42
         -0.52          0.45
         -0.50          0.48
         -0.51          0.47
         -0.51          0.46
         -0.52          0.46
         -0.49          0.48
         -0.48          0.49
         -0.49          0.48
         -0.51          0.47
         -0.51          0.46
         -0.52          0.45
         -0.53          0.44
         -0.52          0.45
         -0.51          0.46
         -0.50          0.47
         -0.51          0.46
         -0.51          0.47
         -0.51          0.46
         -0.53          0.45
         -0.51          0.46
         -0.51          0.47
         -0.50          0.48
         -0.48          0.49
         -0.46          0.51
         -0.46          0.52
         -0.47          0.50
         -0.44          0.53
         -0.42          0.55
         -0.43          0.55
         -0.42          0.55
         -0.44          0.53
         -0.44          0.53
         -0.44          0.54
         -0.43          0.54
         -0.44          0.54
         -0.41          0.56
         -0.41          0.57
         -0.41          0.56
         -0.41          0.57
         -0.43          0.54
         -0.42          0.55
         -0.42          0.56
         -0.40          0.58
         -0.40          0.57
         -0.39          0.58
         -0.39          0.58
         -0.39          0.59
         -0.38          0.59
         -0.39          0.59
         -0.38          0.59
         -0.39          0.58
         -0.39          0.59
         -0.41          0.57
         -0.41          0.56
         -0.41          0.57
         -0.41          0.57
         -0.40          0.58
         -0.40          0.57
         -0.42          0.56
         -0.39          0.58
         -0.39          0.59
         -0.39          0.59
         -0.39          0.59
         -0.37          0.60
         -0.39          0.59
         -0.38          0.60
         -0.37          0.61
         -0.37          0.61
         -0.37          0.60
         -0.37          0.60
         -0.37          0.60
         -0.39          0.59
         -0.40          0.58
         -0.39          0.58
         -0.39          0.58
         -0.38          0.59
         -0.40          0.57
         -0.40          0.58
         -0.40          0.58
         -0.39          0.58
         -0.41          0.57
         -0.38          0.59
         -0.36          0.61
         -0.38          0.60
         -0.39          0.58
         -0.39          0.58
         -0.38          0.60
         -0.37          0.60
         -0.38          0.60
         -0.38          0.60
         -0.36          0.61
         -0.37          0.61
         -0.38          0.59
         -0.41          0.57
         -0.42          0.55
         -0.43          0.54
         -0.41          0.56
         -0.43          0.55
         -0.42          0.56
         -0.42          0.56
         -0.42          0.56
         -0.43          0.55
         -0.43          0.55
         -0.43          0.54
         -0.43          0.55
         -0.41          0.56
         -0.40          0.57
         -0.40          0.57
         -0.41          0.56
         -0.42          0.56
         -0.43          0.54
         -0.45          0.53
         -0.43          0.55
         -0.44          0.53
         -0.45          0.53
         -0.44          0.53
         -0.46          0.52
         -0.45          0.52
         -0.45          0.52
         -0.45          0.52
         -0.43          0.54
         -0.43          0.54
         -0.43          0.55
         -0.44          0.54
         -0.45          0.53
         -0.44          0.53
         -0.45          0.52
         -0.46          0.52
         -0.46          0.51
         -0.47          0.50
         -0.47          0.51
         -0.43          0.54
         -0.46          0.52
         -0.42          0.55
         -0.43          0.55
         -0.42          0.55
         -0.44          0.54
         -0.44          0.53
         -0.44          0.54
         -0.45          0.53
         -0.45          0.53
         -0.46          0.51
         -0.43          0.55
         -0.42          0.56
         -0.43          0.55
         -0.43          0.55
         -0.42          0.56
         -0.43          0.55
         -0.41          0.56
         -0.38          0.59
         -0.39          0.58
         -0.38          0.60
         -0.38          0.60
         -0.37          0.60
         -0.38          0.60
         -0.37          0.60
         -0.36          0.62
         -0.34          0.63
         -0.36          0.61
         -0.36          0.61
         -0.37          0.61
         -0.37          0.60
         -0.35          0.62
         -0.37          0.60
         -0.37          0.61
         -0.40          0.58
         -0.39          0.58
         -0.38          0.59
         -0.38          0.59
         -0.37          0.61
         -0.37          0.61
         -0.38          0.60
         -0.37          0.60
         -0.34          0.63
         -0.36          0.61
         -0.37          0.60
         -0.37          0.60
         -0.37          0.60
         -0.36          0.61
         -0.36          0.62
         -0.38          0.59
         -0.36          0.61
         -0.36          0.61
         -0.37          0.61
         -0.34          0.63
         -0.37          0.60
         -0.37          0.60
         -0.39          0.59
         -0.38          0.59
         -0.38          0.59
         -0.39          0.58
         -0.38          0.60
         -0.39          0.59
         -0.36          0.61
         -0.36          0.61
         -0.37          0.60
         -0.39          0.58
         -0.39          0.59
         -0.39          0.58
         -0.40          0.58
         -0.38          0.60
         -0.35          0.62
         -0.39          0.59
         -0.38          0.59
         -0.40          0.57
         -0.39          0.59
         -0.42          0.55
         -0.39          0.59
         -0.38          0.60
         -0.36          0.61
         -0.36          0.61
         -0.39          0.58
         -0.36          0.62
         -0.39          0.59
         -0.40          0.58
         -0.39          0.59
         -0.40          0.58
         -0.38          0.59
         -0.36          0.61
         -0.40          0.58
         -0.37          0.61
         -0.39          0.59
         -0.40          0.57
         -0.38          0.59
         -0.38          0.60
         -0.37          0.60
         -0.37          0.60
         -0.37          0.60
         -0.37          0.61
stats = R^2 = 1.00 Fstat = 1906869052.12 pvalue = 0  error variance est = 0.01